1.000000 0.681531 0.636044 0.318469 0.045486
2.000000 0.673834 0.562923 0.326166 0.110911
3.000000 0.689595 0.514947 0.310405 0.174648
4.000000 0.707148 0.472173 0.292852 0.234976
5.000000 0.724492 0.432687 0.275508 0.291805
6.000000 0.741380 0.396170 0.258620 0.345210
7.000000 0.757737 0.362448 0.242263 0.395289
8.000000 0.773514 0.331360 0.226486 0.442154
9.000000 0.788669 0.302744 0.211331 0.485925
10.000000 0.803170 0.276441 0.196830 0.526730
11.000000 0.816996 0.252294 0.183004 0.564702
12.000000 0.830130 0.230153 0.169870 0.599977
13.000000 0.842568 0.209872 0.157432 0.632696
14.000000 0.854307 0.191311 0.145693 0.662997
15.000000 0.865357 0.174338 0.134643 0.691019
16.000000 0.875728 0.158828 0.124272 0.716899
17.000000 0.885437 0.144664 0.114563 0.740772
18.000000 0.894505 0.131737 0.105495 0.762768
19.000000 0.902955 0.119944 0.097045 0.783011
20.000000 0.910814 0.109189 0.089186 0.801625
